-71.297905 42.411953 071 17.86890 42 24.72057
-71.297882 42.411945 071 17.86392 42 24.72088
-71.297859 42.411957 071 17.86694 42 24.72154
-71.297859 42.411968 071 17.86880 42 24.72171
-71.297859 42.412003 071 17.87104 42 24.72232
-71.297867 42.412025 071 17.87226 42 24.72242
-71.297874 42.412037 071 17.87611 42 24.72354
-71.297890 42.412033 071 17.87459 42 24.72256
-71.297890 42.412029 071 17.87326 42 24.72086
-71.297897 42.412014 071 17.87383 42 24.72142
-71.297897 42.411999 071 17.87551 42 24.72287
-71.297897 42.411995 071 17.87729 42 24.72364
-71.297890 42.411999 071 17.87680 42 24.72344
-71.297882 42.412006 071 17.87761 42 24.72356
-71.297859 42.412006 071 17.87759 42 24.72352
-71.297867 42.412003 071 17.87663 42 24.72272
-71.297867 42.411991 071 17.87465 42 24.72075
-71.297874 42.411972 071 17.87336 42 24.71987
-71.297874 42.411964 071 17.87156 42 24.71935
-71.297852 42.411968 071 17.86991 42 24.71898
-71.297836 42.411976 071 17.86855 42 24.71870
-71.297836 42.411980 071 17.86757 42 24.71893
-71.297844 42.411972 071 17.86734 42 24.71967
-71.297859 42.411972 071 17.86624 42 24.71982
-71.297882 42.411957 071 17.86473 42 24.72095
-71.297897 42.411961 071 17.86402 42 24.72114
-71.297897 42.411957 071 17.86414 42 24.72164
-71.297890 42.411968 071 17.86435 42 24.72170
-71.297874 42.411980 071 17.86463 42 24.72154
-71.297874 42.411995 071 17.86516 42 24.72159
-71.297874 42.411999 071 17.86597 42 24.72191
-71.297874 42.411999 071 17.86654 42 24.72176
-71.297859 42.411987 071 17.86659 42 24.72209
-71.297859 42.411968 071 17.86690 42 24.72208
-71.297859 42.411957 071 17.86740 42 24.72231
-71.297859 42.411938 071 17.86781 42 24.72223
-71.297867 42.411934 071 17.86820 42 24.72311
-71.297874 42.411938 071 17.86836 42 24.72293
-71.297874 42.411957 071 17.86786 42 24.72220
-71.297874 42.411961 071 17.86797 42 24.72123
-71.297859 42.411976 071 17.86855 42 24.72086
-71.297852 42.411999 071 17.87130 42 24.71936
-71.297836 42.412010 071 17.87290 42 24.71844
-71.297829 42.412037 071 17.87426 42 24.71639
-71.297806 42.412045 071 17.87426 42 24.71639
-71.297768 42.412037 071 17.87527 42 24.71511
-71.297768 42.412029 071 17.87475 42 24.71490
-71.297768 42.412006 071 17.87935 42 24.71486
-71.297783 42.411999 071 17.88479 42 24.71263
-71.297798 42.411995 071 17.88479 42 24.71263
-71.297813 42.411976 071 17.88598 42 24.71246
-71.297806 42.411945 071 17.88484 42 24.71434
-71.297798 42.411972 071 17.88389 42 24.71692
-71.297798 42.411999 071 17.88274 42 24.71727
-71.297783 42.412010 071 17.88117 42 24.71672
-71.297783 42.412029 071 17.88070 42 24.71638
-71.297798 42.412045 071 17.87874 42 24.71594
-71.297806 42.412037 071 17.87695 42 24.71401
-71.297821 42.412029 071 17.87579 42 24.71335
-71.297829 42.412006 071 17.87521 42 24.71512
-71.297836 42.411983 071 17.87571 42 24.71602
-71.297836 42.411968 071 17.87465 42 24.71677
-71.297844 42.411961 071 17.87451 42 24.71740
-71.297844 42.411942 071 17.87423 42 24.71802
-71.297836 42.411934 071 17.87374 42 24.71860
-71.297821 42.411930 071 17.87469 42 24.71826
-71.297813 42.411930 071 17.87469 42 24.71826
-71.297813 42.411942 071 17.87491 42 24.71846
-71.297806 42.411957 071 17.87376 42 24.71968
-71.297806 42.411968 071 17.87358 42 24.72030
-71.297806 42.411964 071 17.87383 42 24.72078
-71.297806 42.411968 071 17.87383 42 24.72078
-71.297813 42.411961 071 17.87162 42 24.72158
-71.297813 42.411953 071 17.87391 42 24.71660
-71.297813 42.411945 071 17.87197 42 24.71390
-71.297813 42.411942 071 17.87107 42 24.71428
-71.297821 42.411938 071 17.86663 42 24.71288
-71.297813 42.411934 071 17.85955 42 24.70886
-71.297813 42.411930 071 17.86170 42 24.70963
-71.297821 42.411926 071 17.86170 42 24.70963
-71.297829 42.411926 071 17.86508 42 24.71136
-71.297836 42.411926 071 17.86541 42 24.71101
-71.297867 42.411922 071 17.86847 42 24.71240
-71.297874 42.411919 071 17.86983 42 24.71313
-71.297897 42.411919 071 17.87110 42 24.71392
-71.297913 42.411926 071 17.87201 42 24.71420
-71.297928 42.411949 071 17.87204 42 24.71437
-71.297966 42.411949 071 17.87290 42 24.71537
-71.297974 42.411949 071 17.87329 42 24.71566
-71.297966 42.411942 071 17.87369 42 24.71602
-71.297958 42.411926 071 17.87390 42 24.71633
-71.297951 42.411915 071 17.87395 42 24.71644
-71.297935 42.411907 071 17.87367 42 24.71701
-71.297920 42.411900 071 17.87398 42 24.71772
-71.297905 42.411892 071 17.87442 42 24.71878
-71.297890 42.411888 071 17.87453 42 24.71866
-71.297882 42.411888 071 17.87426 42 24.71834
-71.297874 42.411884 071 17.87357 42 24.71741
-71.297867 42.411884 071 17.87262 42 24.71633
-71.297859 42.411892 071 17.87117 42 24.71602
-71.297852 42.411896 071 17.87117 42 24.71602
-71.297852 42.411903 071 17.87097 42 24.71527
-71.297859 42.411907 071 17.86957 42 24.71546
-71.297859 42.411907 071 17.86979 42 24.71627
-71.297874 42.411911 071 17.87001 42 24.71872
-71.297882 42.411919 071 17.87072 42 24.72066
-71.297882 42.411922 071 17.87026 42 24.72089
-71.297867 42.411926 071 17.86975 42 24.71917
-71.297859 42.411926 071 17.87047 42 24.71959
-71.297852 42.411930 071 17.87047 42 24.71959
-71.297852 42.411926 071 17.87256 42 24.72214
-71.297859 42.411934 071 17.87316 42 24.72410
-71.297852 42.411945 071 17.87374 42 24.72458
-71.297836 42.411957 071 17.87379 42 24.72363
-71.297836 42.411961 071 17.87374 42 24.72313
-71.297829 42.411968 071 17.87366 42 24.72157
-71.297829 42.411972 071 17.87311 42 24.71899
-71.297836 42.411976 071 17.87211 42 24.71584
-71.297844 42.411976 071 17.87166 42 24.71387
-71.297844 42.411983 071 17.87172 42 24.71223
-71.297852 42.411987 071 17.87256 42 24.71394
-71.297874 42.411995 071 17.87289 42 24.71390
-71.297890 42.412006 071 17.87348 42 24.71427
-71.297890 42.412010 071 17.87358 42 24.71183
-71.297882 42.412014 071 17.87395 42 24.71159
-71.297852 42.412010 071 17.87419 42 24.71219
-71.297844 42.412010 071 17.87364 42 24.71166
-71.297867 42.412006 071 17.87367 42 24.71109
-71.297890 42.411999 071 17.87392 42 24.71041
-71.297874 42.411995 071 17.87563 42 24.71071
-71.297913 42.411991 071 17.87688 42 24.71143
-71.298004 42.411957 071 17.87767 42 24.71171
-71.298035 42.411942 071 17.87781 42 24.71241
-71.298004 42.411957 071 17.87743 42 24.71317
-71.297981 42.411968 071 17.87702 42 24.71355
-71.297966 42.411976 071 17.87702 42 24.71342
-71.297958 42.411987 071 17.87826 42 24.71134
-71.297958 42.411995 071 17.87843 42 24.71073
-71.297928 42.411987 071 17.87778 42 24.71150
-71.297920 42.411983 071 17.87750 42 24.71338
-71.297897 42.411968 071 17.87814 42 24.71652
-71.297890 42.411961 071 17.87814 42 24.71652
-71.297882 42.411938 071 17.87815 42 24.71691
-71.297874 42.411919 071 17.87789 42 24.71714
-71.297882 42.411919 071 17.87647 42 24.71710
-71.297890 42.411926 071 17.87634 42 24.71625
-71.297890 42.411930 071 17.87613 42 24.71561
-71.297897 42.411930 071 17.87558 42 24.71575
-71.297905 42.411926 071 17.87546 42 24.71582
-71.297913 42.411922 071 17.87565 42 24.71622
-71.297913 42.411915 071 17.87565 42 24.71622
-71.297920 42.411911 071 17.87612 42 24.71626
-71.297928 42.411911 071 17.87612 42 24.71627
-71.297951 42.411907 071 17.87648 42 24.71582
-71.297943 42.411911 071 17.87648 42 24.71582
-71.297943 42.411915 071 17.87794 42 24.71696
-71.297943 42.411915 071 17.87827 42 24.71666
-71.297966 42.411907 071 17.87903 42 24.71615
-71.297981 42.411900 071 17.87884 42 24.71486
-71.298004 42.411888 071 17.87856 42 24.71337
-71.298012 42.411888 071 17.87812 42 24.71262
-71.297981 42.411900 071 17.87869 42 24.71232
-71.297958 42.411915 071 17.87902 42 24.71287
-71.297935 42.411915 071 17.87789 42 24.71293
-71.297920 42.411922 071 17.87789 42 24.71293
-71.297913 42.411922 071 17.87864 42 24.71158
-71.297897 42.411934 071 17.88062 42 24.70911
-71.297874 42.411953 071 17.88130 42 24.70834
-71.297874 42.411938 071 17.88094 42 24.70810
-71.297874 42.411926 071 17.88104 42 24.70927
-71.297867 42.411922 071 17.88045 42 24.71052
-71.297859 42.411930 071 17.87978 42 24.71130
-71.297859 42.411942 071 17.87828 42 24.71232
-71.297852 42.411957 071 17.87573 42 24.71582
-71.297852 42.411961 071 17.87389 42 24.71552
-71.297859 42.411964 071 17.87298 42 24.71556
-71.297867 42.411968 071 17.87224 42 24.71534
-71.297874 42.411968 071 17.87250 42 24.71565
-71.297874 42.411964 071 17.87240 42 24.71633
-71.297874 42.411961 071 17.87234 42 24.71641
-71.297874 42.411945 071 17.87154 42 24.71601
-71.297867 42.411942 071 17.87100 42 24.71564
-71.297859 42.411934 071 17.87093 42 24.71532
-71.297859 42.411934 071 17.87093 42 24.71532
-71.297867 42.411930 071 17.87114 42 24.71582
-71.297874 42.411915 071 17.87145 42 24.71568
-71.297890 42.411919 071 17.87358 42 24.71774
-71.297890 42.411907 071 17.87424 42 24.71866
-71.297890 42.411903 071 17.87443 42 24.71954
-71.297890 42.411911 071 17.87462 42 24.72014
-71.297897 42.411896 071 17.87457 42 24.72044
-71.297897 42.411896 071 17.87464 42 24.72188
-71.297890 42.411900 071 17.87427 42 24.72413
-71.297882 42.411903 071 17.87403 42 24.72554
-71.297867 42.411919 071 17.87359 42 24.72596
-71.297867 42.411926 071 17.87359 42 24.72596
-71.297852 42.411938 071 17.87366 42 24.72626
-71.297836 42.411957 071 17.87384 42 24.72683
-71.297829 42.411987 071 17.87549 42 24.72704
-71.297829 42.411999 071 17.87575 42 24.72632
-71.297829 42.411991 071 17.87597 42 24.72471
-71.297821 42.411991 071 17.87620 42 24.72317
-71.297821 42.411995 071 17.87665 42 24.72242
-71.297821 42.411995 071 17.87736 42 24.72113
-71.297829 42.411995 071 17.87787 42 24.72042
-71.297836 42.411995 071 17.87831 42 24.71995
-71.297844 42.411991 071 17.87801 42 24.71875
-71.297844 42.411976 071 17.87752 42 24.71758
-71.297844 42.411976 071 17.87744 42 24.71711
-71.297844 42.411972 071 17.87679 42 24.71635
-71.297844 42.411968 071 17.87648 42 24.71594
-71.297844 42.411976 071 17.87703 42 24.71623
-71.297844 42.411980 071 17.87717 42 24.71588
-71.297836 42.411980 071 17.87737 42 24.71635
-71.297844 42.411976 071 17.87748 42 24.71658
-71.297844 42.411976 071 17.87695 42 24.71601
-71.297844 42.411976 071 17.87695 42 24.71601
-71.297844 42.411980 071 17.87676 42 24.71539
-71.297844 42.411980 071 17.87661 42 24.71529
-71.297852 42.411991 071 17.87656 42 24.71574
-71.297852 42.411999 071 17.87669 42 24.71687
-71.297844 42.411999 071 17.87673 42 24.71830
-71.297844 42.411999 071 17.87583 42 24.72005
-71.297844 42.412006 071 17.87481 42 24.72121
-71.297829 42.412022 071 17.87395 42 24.72201
-71.297821 42.412033 071 17.87329 42 24.72400
-71.297813 42.412041 071 17.87235 42 24.72679
-71.297813 42.412048 071 17.87201 42 24.72888
-71.297813 42.412045 071 17.87130 42 24.73054
-71.297813 42.412041 071 17.87130 42 24.73054
-71.297821 42.412037 071 17.87139 42 24.72916
-71.297821 42.412029 071 17.87092 42 24.72923
-71.297821 42.412014 071 17.87176 42 24.72987
-71.297829 42.412006 071 17.87185 42 24.73061
-71.297844 42.411987 071 17.87238 42 24.73200
-71.297859 42.411980 071 17.87268 42 24.73292
-71.297867 42.411983 071 17.87240 42 24.73247
-71.297867 42.411991 071 17.87240 42 24.73247
-71.297867 42.412006 071 17.87167 42 24.73043
-71.297867 42.412022 071 17.87111 42 24.72843
-71.297874 42.412029 071 17.87126 42 24.72788
-71.297874 42.412029 071 17.87209 42 24.72743
-71.297874 42.412025 071 17.87306 42 24.72725
-71.297874 42.412022 071 17.87378 42 24.72726
-71.297874 42.412018 071 17.87457 42 24.72737
-71.297874 42.412014 071 17.87544 42 24.72691
-71.297874 42.412006 071 17.87616 42 24.72635
-71.297874 42.411995 071 17.87647 42 24.72570
-71.297874 42.411987 071 17.87678 42 24.72495
-71.297867 42.411980 071 17.87768 42 24.72382
-71.297867 42.411972 071 17.87778 42 24.72291
-71.297867 42.411972 071 17.87754 42 24.72176
-71.297867 42.411964 071 17.87723 42 24.72008
-71.297867 42.411961 071 17.87740 42 24.71972
-71.297874 42.411949 071 17.87710 42 24.72151
-71.297874 42.411953 071 17.87722 42 24.72197
-71.297874 42.411945 071 17.87755 42 24.72220
-71.297874 42.411934 071 17.87725 42 24.72212
-71.297867 42.411919 071 17.87664 42 24.72121
-71.297859 42.411915 071 17.87651 42 24.72067
-71.297859 42.411919 071 17.87754 42 24.72052
-71.297867 42.411926 071 17.87703 42 24.71998
-71.297859 42.411938 071 17.87667 42 24.71940
-71.297859 42.411938 071 17.87674 42 24.71847
-71.297852 42.411938 071 17.87632 42 24.71735
-71.297852 42.411934 071 17.87607 42 24.71665
-71.297859 42.411922 071 17.87536 42 24.71654
-71.297859 42.411919 071 17.87506 42 24.71704
-71.297867 42.411915 071 17.87460 42 24.71840
-71.297867 42.411915 071 17.87469 42 24.71910
-71.297874 42.411938 071 17.87426 42 24.71989
-71.297874 42.411957 071 17.87349 42 24.71986
-71.297874 42.411961 071 17.87419 42 24.71986
-71.297874 42.411961 071 17.87514 42 24.72020
-71.297890 42.411961 071 17.87496 42 24.72029
-71.297913 42.411949 071 17.87595 42 24.72214
-71.297920 42.411957 071 17.87662 42 24.72241
-71.297920 42.411961 071 17.87660 42 24.72299
-71.297928 42.411964 071 17.87640 42 24.72323
-71.297935 42.411976 071 17.87561 42 24.72281
-71.297943 42.411983 071 17.87353 42 24.72083
-71.297943 42.412003 071 17.87215 42 24.71964
-71.297935 42.412067 071 17.87171 42 24.71879
-71.297920 42.412144 071 17.87188 42 24.71930
-71.297935 42.412148 071 17.87263 42 24.72047
-71.297943 42.412148 071 17.87328 42 24.72126
-71.297966 42.412090 071 17.87375 42 24.71976
-71.297966 42.412098 071 17.87375 42 24.71976
-71.298019 42.412113 071 17.87382 42 24.71724
-71.298065 42.412151 071 17.87419 42 24.71609
-71.298073 42.412144 071 17.87444 42 24.71603
-71.298065 42.412128 071 17.87442 42 24.71644
-71.298050 42.412109 071 17.87422 42 24.71608
-71.298019 42.412132 071 17.87418 42 24.71703
-71.298004 42.412144 071 17.87409 42 24.71714
-71.297997 42.412136 071 17.87451 42 24.71753
-71.297974 42.412128 071 17.87437 42 24.71704
-71.297958 42.412117 071 17.87425 42 24.71636
-71.297943 42.412109 071 17.87365 42 24.71539
-71.297920 42.412102 071 17.87325 42 24.71439
-71.297920 42.412098 071 17.87313 42 24.71342
-71.297920 42.412090 071 17.87300 42 24.71286
-71.297905 42.412090 071 17.87334 42 24.71251
-71.297890 42.412102 071 17.87386 42 24.71202
-71.297882 42.412109 071 17.87464 42 24.71211
-71.297874 42.412113 071 17.87506 42 24.71286
-71.297867 42.412106 071 17.87624 42 24.71400
-71.297867 42.412102 071 17.87716 42 24.71485
-71.297867 42.412098 071 17.87865 42 24.71586
-71.297874 42.412098 071 17.87865 42 24.71586
-71.297867 42.412098 071 17.87911 42 24.71625
-71.297859 42.412102 071 17.87878 42 24.71982
-71.297859 42.412113 071 17.87784 42 24.73402
-71.297874 42.412098 071 17.87792 42 24.73784
-71.297890 42.412094 071 17.87812 42 24.73702
-71.297897 42.412094 071 17.87864 42 24.73691
-71.297905 42.412098 071 17.87820 42 24.73642
-71.297905 42.412083 071 17.87826 42 24.73073
-71.297913 42.412060 071 17.87787 42 24.72800
-71.297913 42.412045 071 17.87728 42 24.72493
-71.297913 42.412037 071 17.87504 42 24.72458
-71.297913 42.412025 071 17.87398 42 24.72380
-71.297913 42.412025 071 17.87398 42 24.72380
-71.297913 42.412022 071 17.87548 42 24.72200
-71.297913 42.412014 071 17.87635 42 24.72079
-71.297913 42.412003 071 17.87817 42 24.71966
-71.297913 42.411999 071 17.87797 42 24.71822
-71.297905 42.411991 071 17.87910 42 24.71852
-71.297897 42.411991 071 17.87984 42 24.71894
-71.297890 42.411980 071 17.87940 42 24.71825
-71.297890 42.411976 071 17.87940 42 24.71825
-71.297890 42.411968 071 17.87868 42 24.71790
-71.297897 42.411972 071 17.87825 42 24.71767
-71.297897 42.411976 071 17.87884 42 24.71792
-71.297905 42.411976 071 17.87906 42 24.71787
-71.297913 42.411968 071 17.87804 42 24.71736
-71.297913 42.411972 071 17.87678 42 24.71644
-71.297905 42.411976 071 17.87617 42 24.71612
-71.297890 42.411976 071 17.87577 42 24.71594
-71.297874 42.411987 071 17.87582 42 24.71693
-71.297874 42.411991 071 17.87555 42 24.71721
-71.297874 42.411995 071 17.87569 42 24.71737
-71.297859 42.411991 071 17.87609 42 24.71762
-71.297844 42.411983 071 17.87629 42 24.71759
-71.297844 42.411991 071 17.87683 42 24.71766
-71.297844 42.411995 071 17.87679 42 24.71866
-71.297836 42.411999 071 17.87610 42 24.71923
-71.297829 42.412003 071 17.87545 42 24.71968
-71.297821 42.412010 071 17.87505 42 24.71923
-71.297821 42.412014 071 17.87502 42 24.71873
-71.297813 42.412025 071 17.87546 42 24.71844
-71.297806 42.412029 071 17.87628 42 24.71847
-71.297813 42.412029 071 17.87637 42 24.71771
-71.297813 42.412037 071 17.87633 42 24.71695
-71.297821 42.412052 071 17.87639 42 24.71670
-71.297836 42.412060 071 17.87639 42 24.71653
-71.297836 42.412071 071 17.87639 42 24.71608
-71.297836 42.412079 071 17.87552 42 24.71515
-71.297836 42.412075 071 17.87538 42 24.71427
-71.297836 42.412071 071 17.87541 42 24.71381
-71.297836 42.412052 071 17.87563 42 24.71461
-71.297836 42.412037 071 17.87558 42 24.71511
-71.297836 42.412033 071 17.87530 42 24.71550
-71.297836 42.412022 071 17.87600 42 24.71676
-71.297852 42.411995 071 17.87629 42 24.71831
-71.297859 42.411991 071 17.87600 42 24.71891
-71.297867 42.411999 071 17.87558 42 24.71932
-71.297874 42.412006 071 17.87499 42 24.71925
-71.297882 42.412018 071 17.87382 42 24.71902
-71.297874 42.412029 071 17.87347 42 24.71854
-71.297874 42.412045 071 17.87288 42 24.71928
-71.297874 42.412048 071 17.87288 42 24.71928
-71.297874 42.412041 071 17.87279 42 24.72119
-71.297874 42.412048 071 17.87327 42 24.72423
-71.297890 42.412064 071 17.87367 42 24.72738
-71.297897 42.412064 071 17.87386 42 24.72679
-71.297905 42.412060 071 17.87391 42 24.72685
-71.297913 42.412045 071 17.87354 42 24.72531
-71.297920 42.412033 071 17.87333 42 24.72398
-71.297920 42.412025 071 17.87333 42 24.72398
-71.297920 42.412010 071 17.87408 42 24.72360
-71.297913 42.412003 071 17.87424 42 24.72381
-71.297913 42.411991 071 17.87435 42 24.72350
-71.297913 42.411980 071 17.87499 42 24.72487
-71.297905 42.411976 071 17.87587 42 24.72528
-71.297897 42.411980 071 17.87705 42 24.72606
-71.297897 42.411983 071 17.87743 42 24.72574
-71.297905 42.411987 071 17.87765 42 24.72479
-71.297897 42.411991 071 17.87777 42 24.72398
-71.297897 42.411991 071 17.87819 42 24.72393
-71.297897 42.411991 071 17.87809 42 24.72324
-71.297905 42.411999 071 17.87772 42 24.72285
-71.297905 42.411999 071 17.87755 42 24.72275
-71.297913 42.411995 071 17.87691 42 24.72218
-71.297913 42.411987 071 17.87672 42 24.72116
-71.297920 42.411980 071 17.87640 42 24.72005
-71.297920 42.411976 071 17.87565 42 24.71918
-71.297920 42.411980 071 17.87471 42 24.71733
-71.297920 42.411983 071 17.87456 42 24.71730
-71.297920 42.411983 071 17.87414 42 24.71654
-71.297920 42.411976 071 17.87368 42 24.71560
-71.297920 42.411976 071 17.87314 42 24.71463
-71.297920 42.411968 071 17.87324 42 24.71446
-71.297928 42.411968 071 17.87413 42 24.71558
-71.297920 42.411976 071 17.87502 42 24.71709
-71.297920 42.411976 071 17.87545 42 24.71826
-71.297920 42.411991 071 17.87534 42 24.71868
-71.297913 42.412003 071 17.87542 42 24.71911
-71.297913 42.412010 071 17.87542 42 24.71911
-71.297913 42.412006 071 17.87642 42 24.72023
-71.297928 42.412006 071 17.87733 42 24.72202
-71.297951 42.411999 071 17.87780 42 24.72285
-71.297958 42.411995 071 17.87781 42 24.72165
-71.297966 42.411987 071 17.87899 42 24.72158
-71.297958 42.411983 071 17.87963 42 24.72212
-71.297943 42.411983 071 17.87959 42 24.72325
-71.297928 42.411987 071 17.87749 42 24.71981
-71.297928 42.411991 071 17.87749 42 24.72009
-71.297928 42.411991 071 17.87637 42 24.71755
-71.297920 42.411991 071 17.87585 42 24.71522
-71.297920 42.411995 071 17.87604 42 24.71514
-71.297920 42.411999 071 17.87665 42 24.71472
-71.297928 42.411995 071 17.87610 42 24.71111
-71.297935 42.411983 071 17.87691 42 24.71261
-71.297943 42.411964 071 17.87878 42 24.71620
-71.297943 42.411945 071 17.87931 42 24.71787
-71.297935 42.411938 071 17.87954 42 24.71910
-71.297935 42.411934 071 17.87954 42 24.71910
-71.297928 42.411934 071 17.87982 42 24.71898
-71.297913 42.411938 071 17.87924 42 24.71752
-71.297897 42.411942 071 17.87870 42 24.71517
-71.297874 42.411957 071 17.87741 42 24.71366
-71.297867 42.411961 071 17.87726 42 24.71336
-71.297859 42.411957 071 17.87656 42 24.71286
-71.297859 42.411961 071 17.87572 42 24.71249
-71.297859 42.411961 071 17.87499 42 24.71197
-71.297859 42.411964 071 17.87334 42 24.71117
-71.297859 42.411968 071 17.87153 42 24.71055
-71.297859 42.411980 071 17.87062 42 24.71048
-71.297859 42.411983 071 17.86919 42 24.71005
-71.297859 42.411987 071 17.86875 42 24.70947
-71.297852 42.411983 071 17.86812 42 24.70935
-71.297836 42.411983 071 17.86963 42 24.71178
-71.297829 42.411983 071 17.87041 42 24.71324
-71.297821 42.411976 071 17.87114 42 24.71389
-71.297813 42.411961 071 17.87144 42 24.71439
-71.297821 42.411949 071 17.87209 42 24.71516
-71.297813 42.411942 071 17.87228 42 24.71588
-71.297813 42.411938 071 17.87222 42 24.71640
-71.297821 42.411942 071 17.87161 42 24.71509
-71.297821 42.411945 071 17.87189 42 24.71440
-71.297821 42.411957 071 17.87188 42 24.71475
-71.297821 42.411957 071 17.87199 42 24.71564
-71.297829 42.411949 071 17.87274 42 24.71764
-71.297836 42.411938 071 17.87411 42 24.72027
-71.297836 42.411938 071 17.87411 42 24.72027
-71.297844 42.411942 071 17.87529 42 24.72359
-71.297844 42.411930 071 17.87620 42 24.72554
-71.297852 42.411919 071 17.87723 42 24.72919
-71.297859 42.411907 071 17.87567 42 24.72493
